genotype	HEADER_SHAPES	area	hull-area	solidity	perimeter	width	height	longest_axis	center-of-mass-x	center-of-mass-y	hull_vertices	in_bounds	ellipse_center_x	ellipse_center_y	ellipse_major_axis	ellipse_minor_axis	ellipse_angle	ellipse_eccentricity	marker_area
Cq0001.00	SHAPES_DATA	2784.0	2778.5	1.00197948533	205.823374748	60	60	51	1047.65768678	2927.98096264	24	True	1047.63305664	2927.99291992	62.6571388245	55.0038375854	49.9650535583	0.47892782379	126885.0
Cq0001.00	SHAPES_DATA	3383.0	3376.5	1.00192507034	222.994947672	66	65	50	1371.56192728	2895.00532072	27	True	1371.5592041	2895.015625	65.5960769653	64.0110778809	48.1145858765	0.218499843176	126885.0
Cq0001.00	SHAPES_DATA	2059.0	2039.5	1.00956116695	172.85281229	50	53	48	1802.17484216	2873.36182613	28	True	1802.12890625	2873.35717773	51.4493522644	49.4654159546	151.95111084	0.275018123847	126885.0
Cq0001.00	SHAPES_DATA	2910.0	2914.0	0.998627316404	207.580734134	61	64	47	2743.56082474	2876.38900344	29	True	2743.5390625	2876.36303711	60.9951438904	59.2139968872	17.799369812	0.239896199914	126885.0
Cq0001.00	SHAPES_DATA	3064.0	3092.0	0.990944372574	216.651801825	63	63	53	2529.79112272	2872.59791123	30	True	2529.80541992	2872.60351562	62.5283622742	60.8022117615	140.936721802	0.233344545375	126885.0
Cq0001.00	SHAPES_DATA	3357.0	3352.0	1.00149164678	225.96551013	67	66	63	2637.52993744	2866.85165326	28	True	2637.57421875	2866.83300781	65.3909454346	63.6680870056	38.5434112549	0.228034932796	126885.0
Cq0001.00	SHAPES_DATA	3213.0	3211.0	1.00062285892	219.137083054	68	63	54	1737.59726113	2810.27233115	28	True	1737.55395508	2810.25878906	64.2279205322	62.3467445374	78.318572998	0.240250470129	126885.0
Cq0001.00	SHAPES_DATA	2960.0	2965.5	0.998145338054	211.338093519	62	62	55	3204.3847973	2761.83581081	33	True	3204.33520508	2761.84863281	61.4331245422	59.7962532043	144.816833496	0.229302402789	126885.0
Cq0001.00	SHAPES_DATA	3055.0	3033.5	1.00708752266	212.651801825	64	61	62	3039.89623568	2759.24026187	29	True	3039.90258789	2759.23803711	63.0897636414	59.8926239014	72.3437042236	0.31429926762	126885.0
Cq0001.00	SHAPES_DATA	2505.0	2495.5	1.00380685233	191.338093519	56	58	44	1337.63433134	2757.28303393	22	True	1337.64685059	2757.28442383	57.8465118408	53.5066680908	23.8442134857	0.380024138091	126885.0
Cq0001.00	SHAPES_DATA	3144.0	3126.5	1.00559731329	214.651801825	61	66	55	2141.99109415	2684.97137405	25	True	2142.01708984	2684.96411133	63.8442726135	61.0850601196	11.6678371429	0.290805650452	126885.0
Cq0001.00	SHAPES_DATA	2861.0	2857.5	1.00122484689	210.651801825	62	60	61	2815.47361063	2672.21216358	30	True	2815.51538086	2672.24121094	60.5226135254	58.6084480286	57.4359664917	0.249508056865	126885.0
Cq0001.00	SHAPES_DATA	2860.0	2872.5	0.995648389904	210.308655977	62	63	59	2627.97657343	2663.26363636	30	True	2627.99560547	2663.2956543	62.2697486877	57.0970230103	147.737442017	0.399047261618	126885.0
Cq0001.00	SHAPES_DATA	3166.0	3166.0	1.0	216.308655977	63	65	54	1085.69204043	2658.75931775	29	True	1085.69714355	2658.73193359	64.6330871582	60.8250846863	12.4944620132	0.338176315413	126885.0
Cq0001.00	SHAPES_DATA	2553.0	2553.0	1.0	198.166520596	60	56	51	1453.80493537	2653.65217391	26	True	1453.7355957	2653.66894531	57.9049186707	54.7373161316	97.2963027954	0.326212436733	126885.0
Cq0001.00	SHAPES_DATA	3270.0	3261.5	1.00260616281	217.237588286	65	65	64	3080.0969419	2648.98287462	27	True	3080.12719727	2649.0090332	64.9021606445	62.4799194336	158.541290283	0.270647305379	126885.0
Cq0001.00	SHAPES_DATA	3079.0	3072.0	1.00227864583	213.923879981	64	61	51	860.210782722	2631.97694057	27	True	860.18347168	2631.95727539	63.5604286194	60.0954399109	74.0363311768	0.325665280699	126885.0
Cq0001.00	SHAPES_DATA	2214.0	2193.0	1.00957592339	178.024385214	52	53	41	1816.64046974	2613.55284553	27	True	1816.6451416	2613.56005859	53.078578949	51.418346405	11.9501276016	0.248151514616	126885.0
Cq0001.00	SHAPES_DATA	2844.0	2873.5	0.989733774143	214.936072588	60	66	66	3124.35724332	2559.10935302	25	True	3124.37744141	2559.07080078	63.3056907654	55.8805923462	7.36938619614	0.469917364457	126885.0
Cq0001.00	SHAPES_DATA	2965.0	2961.5	1.00118183353	208.752307057	62	61	48	2503.07150084	2544.99730185	25	True	2503.06884766	2545.00463867	61.5911026001	59.8110313416	92.4785842896	0.238678816353	126885.0
Cq0001.00	SHAPES_DATA	2533.0	2528.5	1.00177971129	196.40916121	59	57	49	3280.03355705	2542.45834978	29	True	3280.01904297	2542.42700195	57.252494812	54.7958259583	66.7277526855	0.289788782308	126885.0
Cq0001.00	SHAPES_DATA	2884.0	2892.0	0.997233748271	206.066015363	63	62	56	3013.86407767	2526.76178918	27	True	3013.81982422	2526.77758789	60.2269744873	59.356803894	50.0830383301	0.169374212927	126885.0
Cq0001.00	SHAPES_DATA	2774.0	2776.5	0.999099585809	203.823374748	62	62	59	1419.98810382	2515.60634463	26	True	1420.02783203	2515.64208984	60.8156433105	56.785446167	162.957855225	0.35797567191	126885.0
Cq0001.00	SHAPES_DATA	2507.0	2489.0	1.00723182001	188.610171676	57	56	52	2140.07698444	2460.0095732	31	True	2140.05029297	2460.03100586	56.5295562744	54.7572288513	105.29801178	0.248438100729	126885.0
Cq0001.00	SHAPES_DATA	3157.0	3137.0	1.00637551801	214.267025828	64	61	54	2647.74501109	2444.11529933	28	True	2647.74853516	2444.11889648	64.2108154297	60.8758430481	70.4430847168	0.318085177051	126885.0
Cq0001.00	SHAPES_DATA	2775.0	2757.0	1.00652883569	200.752307057	60	60	46	624.411891892	2442.99675676	29	True	624.416137695	2442.97802734	59.2387199402	57.9099693298	46.9970779419	0.210612813581	126885.0
Cq0001.00	SHAPES_DATA	3047.0	3062.0	0.995101241019	217.622364283	63	63	51	1189.99737447	2425.81030522	25	True	1190.00866699	2425.8125	63.4586715698	59.4763336182	42.2520942688	0.348671027703	126885.0
Cq0001.00	SHAPES_DATA	3162.0	3170.0	0.997476340694	219.480228901	64	62	49	1529.57337128	2407.35325743	26	True	1529.54736328	2407.37866211	63.8977432251	61.3847808838	58.6522598267	0.277685189971	126885.0
Cq0001.00	SHAPES_DATA	2750.0	2758.5	0.996918615189	204.40916121	60	61	58	1921.99454545	2394.07054545	28	True	1922.01477051	2394.08764648	58.4915008545	58.3773803711	108.153312683	0.0624364898687	126885.0
Cq0001.00	SHAPES_DATA	3385.0	3373.0	1.0035576638	223.923879981	65	65	54	2083.37252585	2395.50339734	28	True	2083.35668945	2395.49023438	66.2873001099	63.3934020996	125.150184631	0.29224625652	126885.0
Cq0001.00	SHAPES_DATA	3294.0	3309.0	0.995466908432	227.622364283	65	66	66	2746.49514268	2387.8391014	23	True	2746.53417969	2387.8293457	65.9319229126	61.9993896484	145.357421875	0.340195753422	126885.0
Cq0001.00	SHAPES_DATA	3252.0	3260.5	0.997393037878	220.894442439	66	67	60	2341.25553506	2374.16512915	32	True	2341.27734375	2374.11987305	65.1753005981	62.2189216614	151.064682007	0.297763782533	126885.0
Cq0001.00	SHAPES_DATA	2636.0	2623.0	1.00495615707	196.752307057	56	60	51	1379.61267071	2370.1676783	22	True	1379.6138916	2370.14086914	58.9366340637	55.3166732788	29.350851059	0.345065066021	126885.0
Cq0001.00	SHAPES_DATA	3230.0	3215.5	1.00450940756	215.237588286	66	64	57	2461.28513932	2361.59256966	26	True	2461.30224609	2361.56298828	64.0342025757	62.5530319214	39.2286682129	0.213838303358	126885.0
Cq0001.00	SHAPES_DATA	3035.0	3019.5	1.00513330022	209.923879981	63	63	55	862.398682043	2355.49489292	26	True	862.379272461	2355.47070312	62.2401313782	60.5930900574	20.6586494446	0.228528130914	126885.0
Cq0001.00	SHAPES_DATA	2787.0	2764.0	1.00832127352	198.509666443	59	60	57	2955.88159311	2352.53821313	30	True	2955.88476562	2352.53320312	60.0629615784	57.4392662048	15.5559520721	0.292329748241	126885.0
Cq0001.00	SHAPES_DATA	2909.0	2955.5	0.984266621553	228.551296592	63	63	54	3058.75249227	2328.47920248	25	True	3058.73266602	2328.41552734	61.979259491	58.0807609558	161.53024292	0.349061146706	126885.0
Cq0001.00	SHAPES_DATA	1821.0	1813.0	1.00441257584	163.539103985	48	48	39	1103.60351455	2306.69796815	24	True	1103.60180664	2306.69995117	48.2681312561	46.4802207947	61.474029541	0.269648637536	126885.0
Cq0001.00	SHAPES_DATA	1826.0	1816.0	1.00550660793	162.610171676	49	49	48	1545.71631982	2299.01588171	26	True	1545.72509766	2299.01049805	49.4574241638	45.3901901245	37.5340309143	0.397128717994	126885.0
Cq0001.00	SHAPES_DATA	2125.0	2102.0	1.01094196004	174.367531061	49	55	43	3354.728	2301.10352941	22	True	3354.74560547	2301.10327148	54.9500694275	47.7425003052	17.2407684326	0.495103131638	126885.0
Cq0001.00	SHAPES_DATA	2411.0	2409.0	1.00083022001	188.40916121	56	57	57	1741.50020738	2301.12069681	27	True	1741.4979248	2301.18603516	55.9312057495	53.3892250061	164.832077026	0.298045530445	126885.0
Cq0001.00	SHAPES_DATA	2700.0	2687.5	1.00465116279	198.40916121	58	61	57	2688.54333333	2277.40111111	30	True	2688.53198242	2277.40356445	60.1411094666	55.5130577087	167.917373657	0.384687709244	126885.0
Cq0001.00	SHAPES_DATA	3509.0	3513.5	0.998719225843	230.551296592	67	71	70	2411.35907666	2267.55001425	28	True	2411.3605957	2267.58349609	67.2360229492	64.8728713989	13.8562364578	0.262790583503	126885.0
Cq0001.00	SHAPES_DATA	2667.0	2655.5	1.00433063453	197.580734134	60	58	52	1659.38245219	2261.90551181	28	True	1659.41455078	2261.88891602	58.8380088806	56.106552124	64.6945953369	0.301150376291	126885.0
Cq0001.00	SHAPES_DATA	2769.0	2770.0	0.99963898917	205.580734134	61	59	48	2928.29505237	2252.36944745	30	True	2928.34619141	2252.33081055	60.5234489441	56.8763275146	49.9650421143	0.3418889608	126885.0
Cq0001.00	SHAPES_DATA	2637.0	2625.0	1.00457142857	196.85281229	58	58	49	2117.59044369	2217.00265453	25	True	2117.58178711	2217.00878906	58.2216796875	56.063583374	3.1959426403	0.269740275637	126885.0
Cq0001.00	SHAPES_DATA	2557.0	2550.5	1.0025485199	190.85281229	58	57	46	2193.65701995	2212.96128275	26	True	2193.64379883	2212.94116211	57.2817153931	55.189704895	29.3475017548	0.26778546741	126885.0
Cq0001.00	SHAPES_DATA	2000.0	1984.0	1.00806451613	168.024385214	50	53	41	2636.9245	2159.26	29	True	2636.91894531	2159.26953125	51.0868988037	48.2293815613	6.11062908173	0.329757827164	126885.0
Cq0001.00	SHAPES_DATA	2811.0	2798.0	1.00464617584	204.85281229	60	59	58	2467.28424048	2160.59018143	28	True	2467.28979492	2160.61254883	59.7806091309	58.2035293579	97.8451004028	0.228180384568	126885.0
Cq0001.00	SHAPES_DATA	3129.0	3138.0	0.997131931166	218.651801825	64	64	54	1678.64493448	2142.82614254	26	True	1678.67602539	2142.79516602	63.5293922424	60.9550590515	59.2165489197	0.281783287783	126885.0
Cq0001.00	SHAPES_DATA	3346.0	3316.5	1.00889491934	217.923879981	64	65	55	527.439629408	2125.0167364	28	True	527.448547363	2125.01611328	65.1076049805	63.757522583	15.3290739059	0.202589121685	126885.0
Cq0001.00	SHAPES_DATA	2637.0	2630.0	1.00266159696	196.651801825	60	60	59	853.182783466	2110.40690178	29	True	853.240783691	2110.40576172	58.8332862854	55.6602783203	145.201156616	0.323968669143	126885.0
Cq0001.00	SHAPES_DATA	3067.0	3050.0	1.00557377049	212.651801825	62	64	49	1847.58819694	2096.46984023	28	True	1847.60668945	2096.43139648	62.8685073853	60.5073280334	165.114852905	0.271485345671	126885.0
Cq0001.00	SHAPES_DATA	3455.0	3470.0	0.995677233429	231.96551013	67	69	65	3224.25586107	2080.84370478	27	True	3224.22021484	2080.86865234	67.4097213745	63.8280754089	8.72473144531	0.321623860738	126885.0
Cq0001.00	SHAPES_DATA	3098.0	3086.0	1.00388852884	211.823374748	64	62	61	1584.09199484	2070.55777921	26	True	1584.09033203	2070.54174805	64.0402679443	59.9785575867	122.205696106	0.350465394896	126885.0
Cq0001.00	SHAPES_DATA	2843.0	2837.5	1.00193832599	204.308655977	60	63	63	1417.0179388	2052.82026029	27	True	1417.07397461	2052.91186523	60.871635437	58.0386161804	36.394733429	0.301522303456	126885.0
Cq0001.00	SHAPES_DATA	1974.0	1960.0	1.00714285714	168.024385214	51	50	46	2017.79837893	2043.53850051	23	True	2017.82275391	2043.55737305	50.0039176941	48.6818237305	61.9708061218	0.228430627971	126885.0
Cq0001.00	SHAPES_DATA	3164.0	3162.0	1.00063251107	221.137083054	64	65	48	2495.00537295	2037.74399494	28	True	2495.00439453	2037.70336914	65.3246841431	60.0776443481	29.7843570709	0.392674465093	126885.0
Cq0001.00	SHAPES_DATA	2399.0	2392.0	1.0029264214	187.095452905	56	57	51	2216.7148812	2027.50604419	28	True	2216.69799805	2027.50524902	56.9575920105	52.1769294739	34.674621582	0.40102689344	126885.0
Cq0001.00	SHAPES_DATA	3255.0	3255.0	1.0	220.894442439	67	63	61	786.677112135	2008.68202765	32	True	786.659790039	2008.68408203	65.0196380615	62.0934944153	86.3648223877	0.296618670556	126885.0
Cq0001.00	SHAPES_DATA	2256.0	2248.0	1.00355871886	180.367531061	52	55	42	2793.40602837	1982.9552305	27	True	2793.39575195	1982.96813965	55.3126678467	50.3950424194	177.77532959	0.412198540562	126885.0
Cq0001.00	SHAPES_DATA	3173.0	3175.0	0.99937007874	219.580734134	64	64	58	1138.75764261	1976.03120076	28	True	1138.79821777	1976.03735352	63.8058586121	61.6341629028	142.388748169	0.258676507885	126885.0
Cq0001.00	SHAPES_DATA	3194.0	3179.5	1.00456046548	216.166520596	64	63	52	2159.22730119	1961.71665623	32	True	2159.22753906	1961.69812012	63.3174133301	62.5453147888	94.2205581665	0.155690377581	126885.0
Cq0001.00	SHAPES_DATA	3115.0	3114.0	1.00032113038	214.651801825	64	66	46	2948.24205457	1939.58908507	29	True	2948.26000977	1939.55041504	63.1473236084	61.3105735779	23.4035243988	0.239431512446	126885.0
Cq0001.00	SHAPES_DATA	2862.0	2847.5	1.00509218613	205.823374748	62	60	45	1659.58420685	1932.91893781	31	True	1659.57873535	1932.89562988	60.0601768494	59.0545272827	95.971786499	0.182229807712	126885.0
Cq0001.00	SHAPES_DATA	2740.0	2718.0	1.0080941869	197.96551013	61	61	60	1271.3189781	1931.40510949	32	True	1271.28161621	1931.47143555	59.9550056458	56.7751655579	39.0794868469	0.321342932846	126885.0
Cq0001.00	SHAPES_DATA	6527.0	7804.0	0.836365966171	417.019332886	110	116	103	2683.15642715	1941.22475869	32	True	2682.73632812	1941.59057617	146.761550903	64.8801422119	40.8133392334	0.896976311762	126885.0
Cq0001.00	SHAPES_DATA	3379.0	3371.0	1.00237318303	224.308655977	67	64	60	1428.23941995	1910.12459307	34	True	1428.23510742	1910.11962891	66.7229309082	62.794960022	107.355255127	0.338044517527	126885.0
Cq0001.00	SHAPES_DATA	2945.0	2924.0	1.00718194254	205.480228901	62	63	63	773.473684211	1907.50390492	29	True	773.416442871	1907.55102539	61.0859260559	59.8670158386	5.36527824402	0.198770950565	126885.0
Cq0001.00	SHAPES_DATA	2261.0	2244.5	1.00735130319	181.195958138	53	54	44	3364.67757629	1897.96152145	29	True	3364.65576172	1897.94018555	53.9295692444	51.7502059937	157.533508301	0.281406290106	126885.0
Cq0001.00	SHAPES_DATA	1951.0	1964.0	0.993380855397	172.85281229	50	53	51	2408.18093285	1880.50076884	23	True	2408.15649414	1880.47998047	49.9219169617	48.281703949	179.931884766	0.254227556665	126885.0
Cq0001.00	SHAPES_DATA	3098.0	3097.0	1.00032289312	215.480228901	65	64	63	1810.56810846	1869.71336346	29	True	1810.60241699	1869.70703125	64.0808792114	60.1766166687	148.444335938	0.34371805366	126885.0
Cq0001.00	SHAPES_DATA	2710.0	2703.5	1.00240429073	202.994947672	60	59	57	2262.40221402	1858.36568266	29	True	2262.42236328	1858.3963623	58.6048545837	57.2987823486	18.225856781	0.209941616993	126885.0
Cq0001.00	SHAPES_DATA	2585.0	2574.5	1.00407846184	193.923879981	55	61	59	3070.42553191	1849.02591876	24	True	3070.40991211	1849.05041504	60.1787643433	53.1954879761	13.1097621918	0.467566693109	126885.0
Cq0001.00	SHAPES_DATA	2530.0	2526.5	1.00138531565	194.509666443	57	57	46	3268.11106719	1821.87509881	27	True	3268.12304688	1821.87548828	56.787853241	55.1417121887	21.5371551514	0.239028937133	126885.0
Cq0001.00	SHAPES_DATA	3155.0	3160.0	0.998417721519	218.894442439	64	64	51	1160.57654517	1806.42408875	27	True	1160.56530762	1806.40332031	63.4192962646	61.6968040466	48.66198349	0.231480182185	126885.0
Cq0001.00	SHAPES_DATA	2229.0	2232.0	0.998655913978	183.338093519	58	53	56	1952.55630328	1788.81202333	26	True	1952.62585449	1788.80029297	54.6051254272	50.4965248108	60.2957191467	0.380555779558	126885.0
Cq0001.00	SHAPES_DATA	2617.0	2611.0	1.00229797013	194.85281229	57	58	46	2434.30149026	1785.98853649	29	True	2434.31347656	1785.99743652	57.10313797	56.7377815247	159.69682312	0.112939954778	126885.0
Cq0001.00	SHAPES_DATA	3369.0	3361.5	1.00223114681	221.823374748	67	66	66	615.82487385	1777.58978925	33	True	615.820739746	1777.56835938	68.0989303589	61.3517112732	55.2544593811	0.43398450062	126885.0
Cq0001.00	SHAPES_DATA	3073.0	3055.0	1.00589198036	212.509666443	61	62	50	1410.25219655	1773.42564269	27	True	1410.24865723	1773.43225098	63.0803146362	60.3343429565	171.887664795	0.291835115193	126885.0
Cq0001.00	SHAPES_DATA	2199.0	2183.5	1.00709869476	178.610171676	53	54	45	926.92633015	1756.03319691	29	True	926.949462891	1756.06872559	52.9633903503	51.3917121887	20.4333744049	0.241803663293	126885.0
Cq0001.00	SHAPES_DATA	2586.0	2580.0	1.0023255814	195.095452905	57	58	58	2930.13147718	1756.90100541	23	True	2930.12036133	1756.92858887	58.5671768188	54.5930137634	154.846572876	0.362089045673	126885.0
Cq0001.00	SHAPES_DATA	1967.0	1956.5	1.0053667263	168.024385214	51	50	43	2347.11947128	1735.1489578	29	True	2347.10400391	1735.13720703	49.5921173096	48.7907829285	118.165176392	0.179041640326	126885.0
Cq0001.00	SHAPES_DATA	3227.0	3204.0	1.00717852684	213.823374748	64	65	62	2622.38363805	1738.70715835	29	True	2622.36889648	1738.6875	64.283164978	62.310546875	176.736343384	0.245827419961	126885.0
Cq0001.00	SHAPES_DATA	2959.0	2962.5	0.998818565401	209.580734134	65	61	64	2113.05204461	1735.46637377	26	True	2112.99291992	1735.43981934	61.8908424377	59.4421272278	72.2573165894	0.278504462833	126885.0
Cq0001.00	SHAPES_DATA	3281.0	3275.0	1.00183206107	223.237588286	65	63	48	990.74733313	1730.13623895	24	True	990.784606934	1730.14831543	65.0348358154	62.5613479614	57.8066368103	0.273166655604	126885.0
Cq0001.00	SHAPES_DATA	12.0	10.0	1.2	15.8994947672	7	4	3	2843.41666667	1698.5	5	True	2843.06005859	1697.88366699	5.77086544037	3.34877967834	77.9999771118	0.814409403726	126885.0
Cq0001.00	SHAPES_DATA	3046.0	3034.0	1.00395517469	211.237588286	65	62	59	1833.64412344	1717.18056467	26	True	1833.62878418	1717.14880371	61.9322357178	61.0393943787	76.8996658325	0.169189283809	126885.0
Cq0001.00	SHAPES_DATA	3321.0	3314.0	1.00211225106	219.96551013	65	67	65	2225.19903643	1714.01535682	34	True	2225.20043945	1713.98168945	65.5936126709	62.8460159302	152.717437744	0.286394363095	126885.0
Cq0001.00	SHAPES_DATA	3006.0	3033.0	0.991097922849	217.237588286	63	62	50	2517.25149701	1691.09680639	24	True	2517.25170898	1691.09082031	62.4708938599	59.828289032	61.0632133484	0.287773083099	126885.0
Cq0001.00	SHAPES_DATA	1465.0	1658.5	0.883328308713	213.823374748	48	46	42	2852.3221843	1679.7883959	21	True	2851.40649414	1680.59863281	46.5248146057	42.0631561279	58.5055580139	0.427317705135	126885.0
Cq0001.00	SHAPES_DATA	2560.0	2539.0	1.00827097282	194.166520596	55	60	57	1756.5796875	1676.45351562	28	True	1756.57507324	1676.47668457	59.4978866577	53.213508606	17.2394161224	0.447315064638	126885.0
Cq0001.00	SHAPES_DATA	2142.0	2134.5	1.00351370344	175.923879981	54	53	52	2433.2464986	1648.9178338	32	True	2433.16455078	1648.87316895	51.9422340393	51.0569343567	122.033973694	0.183840583031	126885.0
Cq0001.00	SHAPES_DATA	2254.0	2255.5	0.999334958989	183.095452905	56	54	55	1587.24489796	1647.64906832	27	True	1587.25878906	1647.67321777	54.0832519531	51.4843063354	124.308761597	0.306267587197	126885.0
Cq0001.00	SHAPES_DATA	2798.0	2795.5	1.0008942944	204.066015363	60	63	62	2365.93674053	1647.34167262	26	True	2365.92285156	1647.34765625	60.7735290527	57.1466178894	166.449157715	0.340289077032	126885.0
Cq0001.00	SHAPES_DATA	3176.0	3160.0	1.00506329114	214.066015363	63	66	62	626.444269521	1638.29219144	31	True	626.445922852	1638.28918457	65.5754318237	59.9630661011	32.7170295715	0.404781156224	126885.0
Cq0001.00	SHAPES_DATA	3007.0	3010.5	0.998837402425	209.823374748	65	60	62	3423.81476555	1630.17126704	24	True	3423.78295898	1630.18579102	62.7460136414	59.457321167	71.6937484741	0.319497174242	126885.0
Cq0001.00	SHAPES_DATA	3166.0	3156.5	1.0030096626	215.823374748	64	64	58	1354.25615919	1626.64655717	27	True	1354.24816895	1626.66687012	63.921333313	61.3786811829	179.842391968	0.279237157728	126885.0
Cq0001.00	SHAPES_DATA	2440.0	2443.5	0.998567628402	189.681239367	57	56	55	2954.40983607	1604.69754098	29	True	2954.48852539	1604.62988281	56.3433570862	53.8066902161	72.5113983154	0.296675267485	126885.0
Cq0001.00	SHAPES_DATA	3274.0	3293.5	0.994079247002	222.752307057	64	65	59	2595.03879047	1609.06047648	27	True	2595.03686523	1609.07836914	65.5564422607	61.9757995605	15.6870927811	0.325968109537	126885.0
Cq0001.00	SHAPES_DATA	2246.0	2238.5	1.0033504579	181.681239367	55	54	46	3098.33437222	1585.77916296	27	True	3098.3190918	1585.77624512	53.4543495178	51.9190368652	131.199630737	0.237947328965	126885.0
Cq0001.00	SHAPES_DATA	3411.0	3416.0	0.998536299766	225.823374748	65	67	54	1520.61712108	1587.90120199	29	True	1520.59716797	1587.91503906	65.9736785889	64.2699356079	1.52340388298	0.225792524394	126885.0
Cq0001.00	SHAPES_DATA	3314.0	3314.0	1.0	224.551296592	64	66	55	2320.84791792	1576.64966807	28	True	2320.87475586	1576.62963867	66.9508132935	61.3862724304	26.6469955444	0.399148863948	126885.0
Cq0001.00	SHAPES_DATA	3372.0	3386.0	0.99586532782	225.96551013	66	67	54	3327.96797153	1574.39205219	31	True	3327.9765625	1574.38085938	67.1194915771	62.3034553528	146.100372314	0.371964811232	126885.0
Cq0001.00	SHAPES_DATA	2586.0	2599.0	0.994998076183	200.994947672	60	58	57	1101.4033256	1541.44895592	27	True	1101.39880371	1541.43054199	58.3515701294	54.7866096497	81.7333908081	0.34417506805	126885.0
Cq0001.00	SHAPES_DATA	2748.0	2756.0	0.99709724238	205.137083054	62	60	55	3009.45269287	1523.77947598	29	True	3009.48852539	1523.77612305	59.1508827209	57.6375770569	60.5429229736	0.22475122327	126885.0
Cq0001.00	SHAPES_DATA	2993.0	2985.0	1.002680067	206.994947672	63	62	50	860.84263281	1517.74239893	28	True	860.813903809	1517.75073242	61.0622634888	60.6747779846	100.339363098	0.112477641882	126885.0
Cq0001.00	SHAPES_DATA	3671.0	3672.0	0.999727668845	235.379723668	71	67	53	1795.90138927	1516.25742305	27	True	1795.90588379	1516.24438477	69.2851257324	66.151550293	109.512878418	0.297336490529	126885.0
Cq0001.00	SHAPES_DATA	3465.0	3499.0	0.990282937982	232.894442439	64	71	57	1441.50937951	1499.68571429	26	True	1441.51245117	1499.72363281	70.7825469971	61.0852966309	19.9379577637	0.505204919011	126885.0
Cq0001.00	SHAPES_DATA	3106.0	3103.5	1.00080554213	214.166520596	65	62	57	1969.32131359	1491.29877656	27	True	1969.30444336	1491.29736328	63.5563964844	60.6569747925	79.2996139526	0.298593672808	126885.0
Cq0001.00	SHAPES_DATA	2979.0	2990.5	0.996154489216	212.267025828	61	61	55	2831.30077207	1465.96005371	27	True	2831.30932617	1465.99707031	61.980556488	59.7088317871	141.573730469	0.268255560459	126885.0
Cq0001.00	SHAPES_DATA	2194.0	2182.0	1.0054995417	178.124890447	53	52	43	2492.56426618	1458.93892434	26	True	2492.59350586	1458.91455078	52.8836936951	51.2948036194	32.4212493896	0.243284359511	126885.0
Cq0001.00	SHAPES_DATA	2956.0	2948.0	1.00271370421	207.480228901	63	63	54	2674.70433018	1397.27097429	28	True	2674.66577148	1397.24133301	61.330909729	59.7405052185	43.3822135925	0.226253445556	126885.0
Cq0001.00	SHAPES_DATA	2886.0	2889.5	0.998788717771	208.752307057	58	61	49	2307.18433818	1395.45356895	24	True	2307.2121582	1395.48449707	62.2621421814	57.7964553833	2.22388386726	0.371891887184	126885.0
Cq0001.00	SHAPES_DATA	3131.0	3133.5	0.999202170097	214.994947672	63	64	57	1908.4081763	1393.95496646	29	True	1908.39733887	1393.97827148	64.4340820312	60.283946991	143.614501953	0.353085666659	126885.0
Cq0001.00	SHAPES_DATA	3329.0	3325.5	1.00105247331	222.308655977	67	65	65	1515.52328026	1386.12496245	29	True	1515.4777832	1386.13061523	65.3313598633	63.3302497864	84.1666488647	0.245605609491	126885.0
Cq0001.00	SHAPES_DATA	2649.0	2627.0	1.00837457175	199.580734134	56	58	51	2387.56360891	1375.25405814	27	True	2387.60205078	1375.26330566	60.5014381409	54.2382354736	35.0272102356	0.443087337994	126885.0
Cq0001.00	SHAPES_DATA	2324.0	2329.0	0.997853155861	186.509666443	53	55	52	3376.97848537	1351.73623064	28	True	3376.95825195	1351.74047852	54.8383407593	52.3532066345	5.02062082291	0.297626009005	126885.0
Cq0001.00	SHAPES_DATA	3297.0	3310.0	0.996072507553	225.480228901	64	66	61	3139.96451319	1356.57688808	27	True	3139.88525391	1356.63330078	65.0105285645	63.2081718445	8.22983646393	0.233836533026	126885.0
Cq0001.00	SHAPES_DATA	2759.0	2762.0	0.998913830558	201.580734134	60	61	50	1166.07865169	1352.9934759	27	True	1166.04553223	1352.9864502	59.9037399292	56.9966545105	147.615203857	0.30773928997	126885.0
Cq0001.00	SHAPES_DATA	3114.0	3113.0	1.00032123354	215.137083054	68	63	68	2938.10372511	1350.65992293	28	True	2938.17553711	1350.73547363	64.4524536133	60.3852615356	78.0631027222	0.349607541333	126885.0
Cq0001.00	SHAPES_DATA	2633.0	2642.0	0.99659348978	199.338093519	60	58	58	981.115077858	1318.68439043	28	True	981.130554199	1318.67468262	58.4067153931	55.7600059509	121.219551086	0.297618630763	126885.0
Cq0001.00	SHAPES_DATA	3433.0	3545.5	0.968269637569	246.793937206	64	71	64	2486.57296825	1314.70841829	25	True	2486.3293457	1315.16369629	72.7733917236	62.1540031433	37.0403900146	0.520148328864	126885.0
Cq0001.00	SHAPES_DATA	2924.0	2904.5	1.00671372009	203.823374748	61	63	54	717.94870041	1299.04822161	30	True	717.94708252	1299.11865234	60.8127937317	59.6502990723	147.789337158	0.194593142904	126885.0
Cq0001.00	SHAPES_DATA	3224.0	3202.5	1.00671350507	216.40916121	64	64	64	2780.15911911	1280.84057072	30	True	2780.14599609	1280.84912109	63.813205719	62.6564559937	8.55704402924	0.189540629468	126885.0
Cq0001.00	SHAPES_DATA	3476.0	3485.5	0.997274422608	225.722869515	68	68	67	2325.23935558	1261.07019563	31	True	2325.32666016	1261.10595703	67.1130065918	64.5499267578	167.098861694	0.27371975018	126885.0
Cq0001.00	SHAPES_DATA	2520.0	2515.5	1.00178890877	193.681239367	57	57	52	807.488492063	1245.5484127	27	True	807.504272461	1245.52868652	58.0166702271	53.6997718811	134.426345825	0.378522464882	126885.0
Cq0001.00	SHAPES_DATA	2327.0	2322.0	1.00215331611	186.024385214	56	54	44	2626.5255694	1235.68371294	31	True	2626.48901367	1235.74926758	55.1633415222	52.2186660767	101.723236084	0.322354629244	126885.0
Cq0001.00	SHAPES_DATA	3000.0	2987.0	1.00435219284	210.308655977	65	61	65	2154.31933333	1229.38333333	27	True	2154.36376953	1229.40771484	63.17237854	58.922706604	90.0299453735	0.360578281365	126885.0
Cq0001.00	SHAPES_DATA	2519.0	2505.5	1.00538814608	193.338093519	57	56	45	1847.44263597	1224.83564907	26	True	1847.42736816	1224.81958008	56.4143943787	55.1665763855	57.5402679443	0.209161024	126885.0
Cq0001.00	SHAPES_DATA	3328.0	3326.0	1.00060132291	221.722869515	65	66	62	1706.02914663	1229.61808894	29	True	1706.01306152	1229.63439941	65.7192764282	62.8428268433	156.368759155	0.2926119744	126885.0
Cq0001.00	SHAPES_DATA	2659.0	2719.0	0.977933063626	249.220343351	60	63	62	2047.33433622	1209.2444528	28	True	2047.25170898	1209.20214844	59.037399292	55.8774375916	38.721660614	0.322776378197	126885.0
Cq0001.00	SHAPES_DATA	3295.0	3307.5	0.996220710506	223.96551013	66	66	65	965.668285281	1208.80273141	29	True	965.702941895	1208.84362793	64.3287658691	63.7807731628	164.613021851	0.130248551942	126885.0
Cq0001.00	SHAPES_DATA	2442.0	2450.0	0.996734693878	192.267025828	58	54	52	3125.33456183	1186.21007371	27	True	3125.31811523	1186.21630859	57.124332428	52.7526130676	117.83706665	0.383670394431	126885.0
Cq0001.00	SHAPES_DATA	2412.0	2399.0	1.00541892455	185.095452905	58	54	50	1335.58291874	1171.91915423	24	True	1335.57287598	1171.93188477	56.5678977966	52.6720428467	82.1279754639	0.364688507578	126885.0
Cq0001.00	SHAPES_DATA	3103.0	3069.5	1.01091382961	208.066015363	65	63	56	2207.85111183	1163.00644538	30	True	2207.81689453	1162.96447754	62.3088760376	61.7983016968	128.794326782	0.127755034975	126885.0
Cq0001.00	SHAPES_DATA	2802.0	2804.5	0.999108575504	205.823374748	62	60	61	620.320485368	1153.26017131	28	True	620.312927246	1153.26000977	59.9866905212	57.8636398315	93.5452880859	0.263688191347	126885.0
Cq0001.00	SHAPES_DATA	2433.0	2419.0	1.0057875155	188.40916121	59	56	59	2799.4730785	1146.31196054	28	True	2799.41601562	1146.31298828	56.1706199646	53.5837593079	51.1495170593	0.299977187877	126885.0
Cq0001.00	SHAPES_DATA	3168.0	3185.0	0.994662480377	220.208150744	65	66	64	2503.27020202	1136.4375	30	True	2503.27563477	1136.42773438	63.2104148865	62.1898612976	27.6005935669	0.178969289008	126885.0
Cq0001.00	SHAPES_DATA	2451.0	2438.0	1.00533223954	188.509666443	55	59	58	2011.22970216	1127.54549164	28	True	2011.21496582	1127.51257324	56.1665992737	53.9455184937	7.35805463791	0.278433576084	126885.0
Cq0001.00	SHAPES_DATA	3154.0	3144.5	1.00302114804	215.96551013	64	66	66	2348.0862397	1076.88934686	30	True	2348.09814453	1076.91308594	64.0419540405	61.1009368896	147.36491394	0.299562396089	126885.0
Cq0001.00	SHAPES_DATA	2910.0	2916.0	0.997942386831	206.651801825	63	62	61	2927.19828179	1074.5628866	27	True	2927.20727539	1074.54528809	61.6272583008	58.6200675964	38.6507530212	0.308564068094	126885.0
Cq0001.00	SHAPES_DATA	2131.0	2113.0	1.0085186938	175.681239367	52	53	44	3215.40168935	1067.70014078	27	True	3215.37573242	1067.69299316	53.4867324829	49.0874099731	149.826431274	0.397160254466	126885.0
